0 -0.416666665278586201 -0.999999999068650669
1 -0.231755413214998374 -1.361389657918421925
2 -0.096341428017714226 -1.560433584127979945
3 -0.108505912131241611 -1.544088242656220800
4 -0.416666464717076357 1.000000153651655177
5 -0.096341346869009331 1.560431163189488268
6 -0.108506263897396607 1.544086641308063612
7 -0.231755193104768359 1.361393307113194062
8 -0.231755424638982493 1.361389656443282359
9 -0.231755424610354172 -1.361389656552947303
10 -0.416666665989418705 1.000000000286665136
11 -0.416666665940350234 -1.000000000187804883
12 -0.231755424180269232 -1.361389656458861896
13 -0.231755424180561637 1.361389656466869935
14 -0.231755424057931175 -1.361389656518898983
15 -0.231755424058135068 1.361389656519221836
16 -0.231755424063218585 -1.361389656511906132
17 -0.231755424063567694 1.361389656511339696
18 -0.231755424062660559 1.361389656512423496
19 -0.231755424062700666 -1.361389656512418167
20 -0.231755424065381965 -1.361389656509186530
21 -0.231755424064165244 1.361389656510330282
22 -0.231755424064539223 -1.361389656512032476
23 -0.231755424063083831 1.361389656511388324
24 -0.231755424062192628 -1.361389656510995527
25 -0.231755424061520110 1.361389656511262869
26 -0.231755424064383486 -1.361389656510127333
27 -0.231755424063545351 1.361389656509513602
28 -0.231755424062390719 1.361389656511689861
29 -0.231755424062592336 -1.361389656511878155
30 -0.231755424062159515 1.361389656511583945
31 -0.231755424062146442 -1.361389656511776458
32 -0.231755424064058385 -1.361389656512948410
33 -0.231755424063901316 1.361389656513443791
34 -0.231755424062460080 -1.361389656510029855
35 -0.231755424062688009 1.361389656509848445
36 -0.231755424062772136 -1.361389656511823976
37 -0.231755424062903725 1.361389656511902579
38 -0.231755424063044307 1.361389656511291957
39 -0.231755424063167348 -1.361389656511548196
40 -0.231755424063159632 1.361389656511263979
41 -0.231755424063079668 -1.361389656511297952
42 -0.231755424062721288 -1.361389656511537316
43 -0.231755424062722259 1.361389656511691859
44 -0.231755424063589316 -1.361389656510647805
45 -0.231755424063444793 1.361389656510752832
46 -0.231755424062919935 -1.361389656511572177
47 -0.231755424062738163 1.361389656511631463
48 -0.231755424063281062 1.361389656511282631
49 -0.231755424063312704 -1.361389656511498680
50 -0.231755424063555010 1.361389656510838098
51 -0.231755424063413262 -1.361389656510958002
52 -0.231755424062763254 1.361389656511294177
53 -0.231755424062918131 -1.361389656511153401
54 -0.231755424062955934 1.361389656511271973
55 -0.231755424063042254 -1.361389656511379442
56 -0.231755424063182558 -1.361389656511164059
57 -0.231755424063354726 1.361389656511355684
58 -0.231755424062955434 -1.361389656511297064
59 -0.231755424063078863 1.361389656511259094
60 -0.231755424063240983 -1.361389656511326374
61 -0.231755424063453119 1.361389656511357460
62 -0.231755424062959736 1.361389656511088786
63 -0.231755424062777188 -1.361389656511225343
64 -0.231755424063065735 -1.361389656511366564
65 -0.231755424062991544 1.361389656511582613
66 -0.231755424063129101 -1.361389656511117208
67 -0.231755424063014470 1.361389656510969326
68 -0.231755424063283644 1.361389656511122759
69 -0.231755424063242926 -1.361389656511144963
70 -0.231755424063042476 -1.361389656511647894
71 -0.231755424063208926 1.361389656511714286
72 -0.231755424062790760 -1.361389656510924695
73 -0.231755424062929816 1.361389656510916701
74 -0.231755424063363830 -1.361389656511145185
75 -0.231755424063422560 1.361389656511174051
76 -0.231755424063027071 1.361389656511473145
77 -0.231755424063022103 -1.361389656511572621
78 -0.231755424063034815 1.361389656511265756
79 -0.231755424063004145 -1.361389656511294177
80 -0.231755424063285365 -1.361389656511167834
81 -0.231755424063230520 1.361389656511242219
82 -0.231755424062915938 -1.361389656511325041
83 -0.231755424062845522 1.361389656511314827
84 -0.231755424063188498 1.361389656511493795
85 -0.231755424063186999 -1.361389656511528656
86 -0.231755424063213866 1.361389656511216018
87 -0.231755424063201571 -1.361389656511213131
88 -0.231755424063077031 1.361389656511319046
89 -0.231755424063090493 -1.361389656511405200
90 -0.231755424063155163 1.361389656511131419
91 -0.231755424063199794 -1.361389656511021951
92 -0.231755424063170817 -1.361389656511280410
93 -0.231755424063167986 1.361389656511285740
94 -0.231755424063072923 1.361389656511290847
95 -0.231755424063074728 -1.361389656511295065
96                  inf 0.000000000000000000
97                  inf 0.000000000000000000
98                  inf 0.000000000000000000
99                  inf 0.000000000000000000
100                  inf 0.000000000000000000
101                  inf 0.000000000000000000
102                  inf 0.000000000000000000
103                  inf 0.000000000000000000
104                  inf 0.000000000000000000
105                  inf 0.000000000000000000
106                  inf 0.000000000000000000
107                  inf 0.000000000000000000
108                  inf 0.000000000000000000
109                  inf 0.000000000000000000
110                  inf 0.000000000000000000
111                  inf 0.000000000000000000
112                  inf 0.000000000000000000
113                  inf 0.000000000000000000
114                  inf 0.000000000000000000
115                  inf 0.000000000000000000
116                  inf 0.000000000000000000
117                  inf 0.000000000000000000
118                  inf 0.000000000000000000
119                  inf 0.000000000000000000
120                  inf 0.000000000000000000
121                  inf 0.000000000000000000
122                  inf 0.000000000000000000
123                  inf 0.000000000000000000
124                  inf 0.000000000000000000
125                  inf 0.000000000000000000
126                  inf 0.000000000000000000
127                  inf 0.000000000000000000
128                  inf 0.000000000000000000
129                  inf 0.000000000000000000
130                  inf 0.000000000000000000
131                  inf 0.000000000000000000
132                  inf 0.000000000000000000
133                  inf 0.000000000000000000
134                  inf 0.000000000000000000
135                  inf 0.000000000000000000
136                  inf 0.000000000000000000
137                  inf 0.000000000000000000
138                  inf 0.000000000000000000
139                  inf 0.000000000000000000
140                  inf 0.000000000000000000
141                  inf 0.000000000000000000
142                  inf 0.000000000000000000
143                  inf 0.000000000000000000
144                  inf 0.000000000000000000
145                  inf 0.000000000000000000
146                  inf 0.000000000000000000
147                  inf 0.000000000000000000
148                  inf 0.000000000000000000
149                  inf 0.000000000000000000
