-0.416666665278586201 -0.999999999068650669
-0.231755413214998374 -1.361389657918421925
-0.096341428017714226 -1.560433584127979945
-0.108505912131241611 -1.544088242656220800
-0.416666464717076357 1.000000153651655177
-0.096341346869009331 1.560431163189488268
-0.108506263897396607 1.544086641308063612
-0.231755193104768359 1.361393307113194062
-0.231755424638982493 1.361389656443282359
-0.231755424610354172 -1.361389656552947303
-0.416666665989418705 1.000000000286665136
-0.416666665940350234 -1.000000000187804883
-0.231755424180269232 -1.361389656458861896
-0.231755424180561637 1.361389656466869935
-0.231755424057931175 -1.361389656518898983
-0.231755424058135068 1.361389656519221836
-0.231755424063218585 -1.361389656511906132
-0.231755424063567694 1.361389656511339696
-0.231755424062660559 1.361389656512423496
-0.231755424062700666 -1.361389656512418167
-0.231755424065381965 -1.361389656509186530
-0.231755424064165244 1.361389656510330282
-0.231755424064539223 -1.361389656512032476
-0.231755424063083831 1.361389656511388324
-0.231755424062192628 -1.361389656510995527
-0.231755424061520110 1.361389656511262869
-0.231755424064383486 -1.361389656510127333
-0.231755424063545351 1.361389656509513602
-0.231755424062390719 1.361389656511689861
-0.231755424062592336 -1.361389656511878155
-0.231755424062159515 1.361389656511583945
-0.231755424062146442 -1.361389656511776458
-0.231755424064058385 -1.361389656512948410
-0.231755424063901316 1.361389656513443791
-0.231755424062460080 -1.361389656510029855
-0.231755424062688009 1.361389656509848445
-0.231755424062772136 -1.361389656511823976
-0.231755424062903725 1.361389656511902579
-0.231755424063044307 1.361389656511291957
-0.231755424063167348 -1.361389656511548196
-0.231755424063159632 1.361389656511263979
-0.231755424063079668 -1.361389656511297952
-0.231755424062721288 -1.361389656511537316
-0.231755424062722259 1.361389656511691859
-0.231755424063589316 -1.361389656510647805
-0.231755424063444793 1.361389656510752832
-0.231755424062919935 -1.361389656511572177
-0.231755424062738163 1.361389656511631463
-0.231755424063281062 1.361389656511282631
-0.231755424063312704 -1.361389656511498680
-0.231755424063555010 1.361389656510838098
-0.231755424063413262 -1.361389656510958002
-0.231755424062763254 1.361389656511294177
-0.231755424062918131 -1.361389656511153401
-0.231755424062955934 1.361389656511271973
-0.231755424063042254 -1.361389656511379442
-0.231755424063182558 -1.361389656511164059
-0.231755424063354726 1.361389656511355684
-0.231755424062955434 -1.361389656511297064
-0.231755424063078863 1.361389656511259094
-0.231755424063240983 -1.361389656511326374
-0.231755424063453119 1.361389656511357460
-0.231755424062959736 1.361389656511088786
-0.231755424062777188 -1.361389656511225343
-0.231755424063065735 -1.361389656511366564
-0.231755424062991544 1.361389656511582613
-0.231755424063129101 -1.361389656511117208
-0.231755424063014470 1.361389656510969326
-0.231755424063283644 1.361389656511122759
-0.231755424063242926 -1.361389656511144963
-0.231755424063042476 -1.361389656511647894
-0.231755424063208926 1.361389656511714286
-0.231755424062790760 -1.361389656510924695
-0.231755424062929816 1.361389656510916701
-0.231755424063363830 -1.361389656511145185
-0.231755424063422560 1.361389656511174051
-0.231755424063027071 1.361389656511473145
-0.231755424063022103 -1.361389656511572621
-0.231755424063034815 1.361389656511265756
-0.231755424063004145 -1.361389656511294177
-0.231755424063285365 -1.361389656511167834
-0.231755424063230520 1.361389656511242219
-0.231755424062915938 -1.361389656511325041
-0.231755424062845522 1.361389656511314827
-0.231755424063188498 1.361389656511493795
-0.231755424063186999 -1.361389656511528656
-0.231755424063213866 1.361389656511216018
-0.231755424063201571 -1.361389656511213131
-0.231755424063077031 1.361389656511319046
-0.231755424063090493 -1.361389656511405200
-0.231755424063155163 1.361389656511131419
-0.231755424063199794 -1.361389656511021951
-0.231755424063170817 -1.361389656511280410
-0.231755424063167986 1.361389656511285740
-0.231755424063072923 1.361389656511290847
-0.231755424063074728 -1.361389656511295065
