-9.999936324422860068e-01 -9.999999600384182896e-01 -9.999847140764304143e-01 -9.999869891769910257e-01 -9.999884093780888605e-01 -1.000000099142011267e+00 -9.999913971791344336e-01 -1.000012673239881744e+00 -9.999911267347367794e-01 -9.999858752654148253e-01 -9.999996891410499744e-01
-9.768486889621007530e-01 -1.000001675403780377e+00 -9.999940926136099417e-01 -1.000007700297836699e+00 -9.999937311467466117e-01 -9.999952250707687673e-01 -9.999870734941231909e-01 -1.000006842004161012e+00 -9.999976812479370869e-01 -1.000002849077337386e+00 -1.000011489933949616e+00
-8.873817379942450234e-01 -9.132944853063077462e-01 -9.663495204838231656e-01 -9.967445650170745353e-01 -1.000000129328118659e+00 -9.999968203520331889e-01 -9.999856057388989417e-01 -9.999983814842428043e-01 -9.999984744838144035e-01 -9.999926024618048803e-01 -1.000000316000661860e+00
-7.925898310746702924e-01 -8.190046409926318161e-01 -8.766109664148764580e-01 -9.313709378999773802e-01 -9.577600280625085949e-01 -9.785646792065023636e-01 -9.883907132147866648e-01 -9.980229575516181839e-01 -9.999828048823632409e-01 -9.999987763154101206e-01 -9.999985512967241030e-01
-6.949820071629868590e-01 -7.206690502151404942e-01 -7.861484554290136817e-01 -8.557124862943662480e-01 -8.895072059534547826e-01 -9.191036306400784950e-01 -9.456429920026743208e-01 -9.644537574267514346e-01 -9.767407012140272293e-01 -9.881989146526608536e-01 -9.986951790864105893e-01
-5.964648225015714011e-01 -6.211047112409729953e-01 -6.891066705213467758e-01 -7.723828750639286644e-01 -8.165436442978245557e-01 -8.531337399323181137e-01 -8.853201527248474312e-01 -9.138938846781259340e-01 -9.396264065146375799e-01 -9.605805672788686467e-01 -9.736952296692356068e-01
-4.975324892262039111e-01 -5.210330242274973100e-01 -5.886446284082423874e-01 -6.827194573025662239e-01 -7.387738682953673974e-01 -7.835190412341379584e-01 -8.224459769013408028e-01 -8.566556208725303323e-01 -8.869078542837032231e-01 -9.140181172797565701e-01 -9.387987504312238496e-01
-3.983340674591164809e-01 -4.206193297955315158e-01 -4.865521156868282127e-01 -5.865928263925250796e-01 -6.563241814650982997e-01 -7.101801459507334213e-01 -7.567996346293882626e-01 -7.977187412488238039e-01 -8.334135386741120533e-01 -8.646749800365390870e-01 -8.925181633102042822e-01
-2.986777270959707908e-01 -3.199626027935754125e-01 -3.835820404275754880e-01 -4.860719723991471786e-01 -5.693102045751958773e-01 -6.328569686690559415e-01 -6.882590927336329489e-01 -7.369480274074352577e-01 -7.792138251025854112e-01 -8.154693682009750422e-01 -8.469965433945163547e-01
-1.986959860654118615e-01 -2.191121992972511479e-01 -2.730442378598735287e-01 -3.797400944903718267e-01 -4.779274633425190100e-01 -5.517347004627094487e-01 -6.167793272778520075e-01 -6.744393144271820795e-01 -7.247267292358646751e-01 -7.669957671624713091e-01 -8.026064501130263373e-01
-9.869911859113073005e-02 -1.180372862542449358e-01 -1.590485281147738239e-01 -2.360008902543308529e-01 -3.444472227308552625e-01 -4.661692843289585442e-01 -5.420154947005243473e-01 -6.103640933526777168e-01 -6.711293104574828083e-01 -7.208960045439071207e-01 -7.606402916212426923e-01
1.298103380162622840e-03 -1.435944045835001182e-02 -4.588206856576897141e-02 -1.094699750040903502e-01 -1.938022401540542006e-01 -2.875643299815355824e-01 -4.001113740646350947e-01 -5.454156430932036725e-01 -6.226482680578754314e-01 -6.822609560998786904e-01 -7.249944877437083379e-01
1.013190326343351433e-01 8.960922453549927114e-02 6.684195359152722560e-02 1.310674082125163828e-02 -6.152844263703476785e-02 -1.446563352170376349e-01 -2.333801995883853231e-01 -3.335273677634508216e-01 -4.612702472437451018e-01 -6.247728702552238778e-01 -7.060216162187965550e-01
2.013009176175729609e-01 1.938348906604994981e-01 1.793042865527014473e-01 1.337235327609014313e-01 6.575684278257380722e-02 -1.273065949243062239e-02 -9.588217112971424150e-02 -1.838454755500618376e-01 -2.802554641982213379e-01 -3.908066926388871765e-01 -5.133015174515912493e-01
3.013041176552045397e-01 2.982675348801123172e-01 2.915804460722886682e-01 2.533403602146543920e-01 1.907731009447543036e-01 1.151472731354956924e-01 3.385041199258931321e-02 -5.047955548668586756e-02 -1.384457556544730350e-01 -2.327447568854893456e-01 -3.358691625258299340e-01
4.013004230590648258e-01 4.028865528557235010e-01 4.037651767067446662e-01 3.722668902187217244e-01 3.144411744278767240e-01 2.410232003719120220e-01 1.602331120163822953e-01 7.660084907119162068e-02 -8.599127582950618146e-03 -9.637107606017727979e-02 -1.887810005025291338e-01
5.013069785077431950e-01 5.076580984750307390e-01 5.158556305237004258e-01 4.907036379086304190e-01 4.372957000166385888e-01 3.657470623249304831e-01 2.848944501104270777e-01 2.006163914274267934e-01 1.157037481224062747e-01 3.044096759285136802e-02 -5.659859288767184193e-02
6.013059306666108661e-01 6.125692404333894503e-01 6.278879562582938556e-01 6.087814422775563727e-01 5.595636560260653924e-01 4.897573772906582135e-01 4.086039554733719159e-01 3.230305288877326486e-01 2.371052202384168750e-01 1.521574693676830126e-01 6.751741316292429740e-02
7.013063264551372411e-01 7.176012364993080705e-01 7.398803770843402905e-01 7.265808113047738104e-01 6.813370502781326277e-01 6.132676275223311047e-01 5.317608313812012266e-01 4.445655081399855768e-01 3.568550889807228232e-01 2.709422173512253118e-01 1.868745918023575203e-01
8.013038155762960413e-01 8.227291302528652039e-01 8.518377978800496519e-01 8.441597479231972567e-01 8.027564805933313785e-01 7.363888559192672822e-01 6.545630732976912558e-01 5.656394107856929088e-01 4.756946432508524225e-01 3.879830230864023122e-01 3.032740386845898528e-01
9.013038893757314707e-01 9.279664848616335782e-01 9.637560524639159354e-01 9.615222189001767505e-01 9.238788468670389165e-01 8.592163945835397110e-01 7.771334998001139249e-01 7.004859698288503633e-01 6.222080072164773989e-01 5.284015220200641849e-01 4.184341061358813341e-01
1.001304762354032762e+00 1.033267867568164577e+00 1.075663009958068184e+00 1.078717881426475955e+00 1.044752200351605875e+00 9.818030419895781291e-01 9.327879973662288604e-01 8.744695461297332661e-01 8.015965226088852535e-01 7.141045690954478387e-01 6.118558620731772146e-01
1.101305407739979536e+00 1.138656493044761353e+00 1.187542772291752424e+00 1.195794037027545054e+00 1.165390867500655236e+00 1.133242400620191326e+00 1.094493515476932410e+00 1.041358515886863900e+00 9.736764412687503034e-01 8.918669230953181204e-01 7.962313716121643958e-01
1.201318701165122960e+00 1.244108479715133830e+00 1.299411027743003766e+00 1.312770017356260865e+00 1.301215082889187968e+00 1.284073061551751493e+00 1.251384747654236129e+00 1.203289421735511677e+00 1.140408560986865938e+00 1.063671991787169313e+00 9.737541201326391782e-01
1.301303910122235896e+00 1.349620352479380392e+00 1.411226457175473348e+00 1.430661681874267899e+00 1.440981705565244964e+00 1.431656126490060688e+00 1.404840564500398292e+00 1.361524546425618487e+00 1.303071927404722663e+00 1.230859711407663815e+00 1.145907428606388168e+00
1.401322957245229039e+00 1.455187282601165810e+00 1.523104679139235307e+00 1.559080057281551523e+00 1.578910265419701586e+00 1.576967046638506398e+00 1.555721787982088378e+00 1.516932080564639795e+00 1.462542613695152705e+00 1.394380316821666854e+00 1.313803216095833948e+00
